 8.100e+01 8.100e+01 8.100e+01 8.100e+01 8.100e+01 8.100e+01 8.100e+01 8.100e+01 8.100e+01 8.100e+01 8.100e+01 8.100e+01
 7.800e+01 7.800e+01 7.800e+01 7.800e+01 7.800e+01 7.800e+01 7.800e+01 7.800e+01 7.800e+01 7.800e+01 7.800e+01 7.800e+01
 7.500e+01 7.500e+01 7.500e+01 7.500e+01 7.500e+01 7.500e+01 7.500e+01 7.500e+01 7.500e+01 7.500e+01 7.500e+01 7.500e+01
 7.200e+01 7.200e+01 7.200e+01 7.200e+01 7.200e+01 7.200e+01 7.200e+01 7.200e+01 7.200e+01 7.200e+01 7.200e+01 7.200e+01
 6.900e+01 6.900e+01 6.900e+01 6.900e+01 6.900e+01 6.900e+01 6.900e+01 6.900e+01 6.900e+01 6.900e+01 6.900e+01 6.900e+01
 6.600e+01 6.600e+01 6.600e+01 6.600e+01 6.600e+01 6.600e+01 6.600e+01 6.600e+01 6.600e+01 6.600e+01 6.600e+01 6.600e+01
 6.300e+01 6.300e+01 6.300e+01 6.300e+01 6.300e+01 6.300e+01 6.300e+01 6.300e+01 6.300e+01 6.300e+01 6.300e+01 6.300e+01
 6.000e+01 6.000e+01 6.000e+01 6.000e+01 6.000e+01 6.000e+01 6.000e+01 6.000e+01 6.000e+01 6.000e+01 6.000e+01 6.000e+01
 4.000e+01 4.000e+01 4.000e+01 4.000e+01 4.000e+01 4.000e+01 4.000e+01 4.000e+01 4.000e+01 4.000e+01 4.000e+01 4.000e+01
 2.000e+01 2.000e+01 2.000e+01 2.000e+01 2.000e+01 2.000e+01 2.000e+01 2.000e+01 2.000e+01 2.000e+01 2.000e+01 2.000e+01
