   81.000000000000000        81.000000000000000        81.000000000000000        81.000000000000000        81.000000000000000        81.000000000000000        81.000000000000000        81.000000000000000        81.000000000000000        81.000000000000000        81.000000000000000        81.000000000000000     
   78.000000000000000        78.000000000000000        78.000000000000000        78.000000000000000        78.000000000000000        78.000000000000000        78.000000000000000        78.000000000000000        78.000000000000000        78.000000000000000        78.000000000000000        78.000000000000000     
   75.000000000000000        75.000000000000000        75.000000000000000        75.000000000000000        75.000000000000000        75.000000000000000        75.000000000000000        75.000000000000000        75.000000000000000        75.000000000000000        75.000000000000000        75.000000000000000     
   72.000000000000000        72.000000000000000        72.000000000000000        72.000000000000000        72.000000000000000        72.000000000000000        72.000000000000000        72.000000000000000        72.000000000000000        72.000000000000000        72.000000000000000        72.000000000000000     
   69.000000000000000        69.000000000000000        69.000000000000000        69.000000000000000        69.000000000000000        69.000000000000000        69.000000000000000        69.000000000000000        69.000000000000000        69.000000000000000        69.000000000000000        69.000000000000000     
   66.000000000000000        66.000000000000000        66.000000000000000        66.000000000000000        66.000000000000000        66.000000000000000        66.000000000000000        66.000000000000000        66.000000000000000        66.000000000000000        66.000000000000000        66.000000000000000     
   63.000000000000000        63.000000000000000        63.000000000000000        63.000000000000000        63.000000000000000        63.000000000000000        63.000000000000000        63.000000000000000        63.000000000000000        63.000000000000000        63.000000000000000        63.000000000000000     
   60.000000000000000        60.000000000000000        60.000000000000000        60.000000000000000        60.000000000000000        60.000000000000000        60.000000000000000        60.000000000000000        60.000000000000000        60.000000000000000        60.000000000000000        60.000000000000000     
   40.000000000000000        40.000000000000000        40.000000000000000        40.000000000000000        40.000000000000000        40.000000000000000        40.000000000000000        40.000000000000000        40.000000000000000        40.000000000000000        40.000000000000000        40.000000000000000     
   20.000000000000000        20.000000000000000        20.000000000000000        20.000000000000000        20.000000000000000        20.000000000000000        20.000000000000000        20.000000000000000        20.000000000000000        20.000000000000000        20.000000000000000        20.000000000000000     
